

Results from heasarc_gleamegcat: GaLactic and Extragalactic All-sky MWA Survey (GLEAM) Extragalactic Catalog
Coordinate system:  Equatorial
|name                |ra         |dec        |int_flux_wide|
|GLEAM J052257-362727|05 22 57.86|-36 27 27.3|    47613.247|
|GLEAM J131139-221640|13 11 39.51|-22 16 40.7|    34334.873|
|GLEAM J044437-280948|04 44 37.31|-28 09 48.9|    30928.867|
|GLEAM J183059-360229|18 30 59.30|-36 02 29.2|    30436.060|
|GLEAM J210722-252556|21 07 22.33|-25 25 56.1|    25925.882|
|GLEAM J090147-255516|09 01 47.39|-25 55 16.1|    25610.060|
|GLEAM J203547-345403|20 35 47.63|-34 54 03.8|    22333.044|
|GLEAM J190249-232949|19 02 49.38|-23 29 49.7|    18277.397|
|GLEAM J002549-260211|00 25 49.15|-26 02 11.4|    17666.073|
|GLEAM J235701-344532|23 57 01.20|-34 45 32.3|    16732.759|
|GLEAM J035140-274354|03 51 40.16|-27 43 54.1|    16066.866|
|GLEAM J133549-335247|13 35 49.73|-33 52 47.6|    15985.985|
|GLEAM J013411-362913|01 34 11.67|-36 29 13.8|    15223.774|
|GLEAM J020012-305324|02 00 12.01|-30 53 24.3|    14829.072|
|GLEAM J182035-390925|18 20 35.24|-39 09 25.1|    14765.122|
|GLEAM J142249-272755|14 22 49.38|-27 27 55.1|    14713.432|
|GLEAM J082717-202619|08 27 17.14|-20 26 19.8|    14540.991|
|GLEAM J145428-364006|14 54 28.57|-36 40 06.3|    14273.980|
|GLEAM J210138-280019|21 01 38.35|-28 00 19.4|    14203.708|
|GLEAM J062707-352908|06 27 07.42|-35 29 08.9|    13883.532|
|GLEAM J045514-300646|04 55 14.36|-30 06 46.1|    13878.118|
|GLEAM J160512-285908|16 05 12.47|-28 59 08.2|    13801.608|
|GLEAM J034631-342238|03 46 31.34|-34 22 38.1|    13587.742|
|GLEAM J042940-363050|04 29 40.83|-36 30 50.8|    13573.302|
|GLEAM J045523-203413|04 55 23.80|-20 34 13.6|    13359.024|
|GLEAM J015035-293158|01 50 35.72|-29 31 58.7|    13242.726|
|GLEAM J011651-205202|01 16 51.25|-20 52 02.1|    12824.503|
|GLEAM J002430-292847|00 24 30.15|-29 28 47.8|    12800.106|
|GLEAM J211636-205545|21 16 36.31|-20 55 45.7|    12560.181|
|GLEAM J100511-214451|10 05 11.13|-21 44 51.2|    12538.914|
|GLEAM J210724-252953|21 07 24.50|-25 29 53.6|    12102.251|
|GLEAM J142529-295955|14 25 29.14|-29 59 55.2|    12090.943|
|GLEAM J191548-265257|19 15 48.01|-26 52 57.1|    11981.875|
|GLEAM J142416-382646|14 24 16.32|-38 26 46.2|    11393.453|
|GLEAM J231956-272735|23 19 56.29|-27 27 35.4|    11333.347|
|GLEAM J013332-362850|01 33 32.34|-36 28 50.0|    11326.577|
|GLEAM J085300-204723|08 53 00.26|-20 47 23.4|    11256.423|
|GLEAM J063633-204225|06 36 33.29|-20 42 25.9|    11179.255|
|GLEAM J110622-210859|11 06 22.38|-21 08 59.3|    10950.994|
|GLEAM J113917-322237|11 39 17.15|-32 22 37.3|    10919.817|
|GLEAM J052139-204737|05 21 39.13|-20 47 37.3|    10905.270|
|GLEAM J222946-382358|22 29 46.82|-38 23 58.6|    10774.709|
|GLEAM J213750-204234|21 37 50.02|-20 42 34.1|    10645.614|
|GLEAM J101809-314411|10 18 09.18|-31 44 11.6|    10575.007|
|GLEAM J064811-395704|06 48 11.67|-39 57 04.5|    10490.142|
|GLEAM J025614-232447|02 56 14.87|-23 24 47.8|    10388.249|
|GLEAM J045826-300717|04 58 26.45|-30 07 17.0|    10313.630|
|GLEAM J003508-200354|00 35 08.64|-20 03 54.1|    10277.838|
|GLEAM J163141-265646|16 31 41.11|-26 56 46.0|    10117.168|
|GLEAM J211810-301913|21 18 10.55|-30 19 13.0|    10011.571|
|GLEAM J123537-251203|12 35 37.80|-25 12 03.7|     9916.936|
|GLEAM J114134-285050|11 41 34.58|-28 50 50.2|     9906.092|
|GLEAM J071706-362140|07 17 06.04|-36 21 40.4|     9777.212|
|GLEAM J230223-371805|23 02 23.96|-37 18 05.1|     9748.587|
|GLEAM J125441-291343|12 54 41.04|-29 13 43.2|     9622.801|
|GLEAM J041604-205627|04 16 04.30|-20 56 27.9|     9527.691|
|GLEAM J060634-202157|06 06 34.11|-20 21 57.4|     9506.224|
|GLEAM J115421-350525|11 54 21.82|-35 05 26.0|     9482.003|
|GLEAM J203316-225314|20 33 16.57|-22 53 14.4|     9393.615|
|GLEAM J093800-291244|09 38 00.49|-29 12 44.5|     9383.363|
|GLEAM J213101-203658|21 31 01.45|-20 36 58.4|     9354.130|
|GLEAM J013027-260956|01 30 27.75|-26 09 56.1|     9327.143|
|GLEAM J112554-352321|11 25 54.30|-35 23 21.4|     9212.996|
|GLEAM J103312-341842|10 33 12.93|-34 18 42.0|     9185.971|
|GLEAM J094953-251138|09 49 53.12|-25 11 38.3|     9041.501|
|GLEAM J164604-222756|16 46 04.87|-22 27 56.4|     8967.926|
|GLEAM J205217-364032|20 52 17.35|-36 40 32.7|     8924.792|
|GLEAM J221942-275626|22 19 42.55|-27 56 26.6|     8799.846|
|GLEAM J003826-385949|00 38 26.83|-38 59 49.4|     8771.684|
|GLEAM J141633-364050|14 16 33.42|-36 40 50.3|     8754.149|
|GLEAM J133007-214203|13 30 07.41|-21 42 03.0|     8684.912|
|GLEAM J114620-315713|11 46 20.57|-31 57 13.5|     8631.481|
|GLEAM J193323-394023|19 33 23.50|-39 40 23.9|     8627.477|
|GLEAM J141641-214614|14 16 41.30|-21 46 14.6|     8598.437|
|GLEAM J063631-203725|06 36 31.99|-20 37 25.4|     8592.536|
|GLEAM J162555-310811|16 25 55.19|-31 08 11.4|     8551.153|
|GLEAM J002308-250232|00 23 08.47|-25 02 32.8|     8501.313|
|GLEAM J004733-251710|00 47 33.15|-25 17 10.5|     8431.042|
|GLEAM J045610-215922|04 56 10.54|-21 59 22.1|     8206.285|
|GLEAM J114048-262908|11 40 48.44|-26 29 08.0|     8187.819|
|GLEAM J022502-231244|02 25 02.65|-23 12 44.1|     8152.090|
|GLEAM J062000-371133|06 20 00.79|-37 11 33.5|     8148.139|
|GLEAM J234146-350620|23 41 46.11|-35 06 20.5|     8124.088|
|GLEAM J033846-352238|03 38 46.62|-35 22 38.9|     8008.946|
|GLEAM J235050-245702|23 50 50.17|-24 57 02.4|     7982.003|
|GLEAM J185710-301940|18 57 10.78|-30 19 40.4|     7866.385|
|GLEAM J211440-254149|21 14 40.09|-25 41 49.5|     7860.173|
|GLEAM J060414-315555|06 04 14.95|-31 55 55.6|     7848.549|
|GLEAM J060312-342632|06 03 12.30|-34 26 32.2|     7782.337|
|GLEAM J120839-340306|12 08 39.48|-34 03 06.9|     7762.933|
|GLEAM J063632-203229|06 36 32.01|-20 32 29.1|     7724.606|
|GLEAM J001524-380439|00 15 24.00|-38 04 39.9|     7620.556|
|GLEAM J190239-270548|19 02 39.05|-27 05 48.7|     7495.248|
|GLEAM J133108-255941|13 31 08.97|-25 59 41.7|     7487.993|
|GLEAM J144202-263712|14 42 02.74|-26 37 12.1|     7472.581|
|GLEAM J195904-353428|19 59 04.06|-35 34 28.7|     7439.842|
|GLEAM J004441-353029|00 44 41.38|-35 30 29.3|     7347.775|
|GLEAM J030731-222520|03 07 31.77|-22 25 20.9|     7263.726|
|GLEAM J035947-370027|03 59 47.47|-37 00 27.7|     7216.784|
|GLEAM J021843-244814|02 18 43.92|-24 48 14.6|     7172.974|
|GLEAM J021902-362603|02 19 02.69|-36 26 03.8|     7141.108|
|GLEAM J102011-324533|10 20 11.56|-32 45 33.3|     7085.214|
|GLEAM J010241-215227|01 02 41.05|-21 52 27.1|     7065.855|
|GLEAM J023324-232059|02 33 24.66|-23 20 59.9|     7046.459|
|GLEAM J203444-354849|20 34 44.51|-35 48 49.5|     7013.086|
|GLEAM J215203-282828|21 52 03.81|-28 28 28.5|     7006.274|
|GLEAM J140240-360348|14 02 40.11|-36 03 48.7|     6999.474|
|GLEAM J014127-270606|01 41 27.05|-27 06 06.7|     6856.523|
|GLEAM J002530-330336|00 25 30.60|-33 03 36.2|     6838.555|
|GLEAM J051100-220153|05 11 00.66|-22 01 53.1|     6827.047|
|GLEAM J133659-295147|13 36 59.67|-29 51 47.7|     6779.591|
|GLEAM J104645-360126|10 46 45.00|-36 01 26.5|     6771.282|
|GLEAM J183232-342235|18 32 32.86|-34 22 35.4|     6710.828|
|GLEAM J154402-335224|15 44 02.68|-33 52 24.7|     6705.836|
|GLEAM J210141-280327|21 01 41.38|-28 03 27.4|     6700.069|
|GLEAM J110611-244443|11 06 11.93|-24 44 43.8|     6697.791|
|GLEAM J012202-373112|01 22 02.69|-37 31 12.5|     6609.670|
|GLEAM J051329-303042|05 13 29.66|-30 30 42.0|     6567.445|
|GLEAM J192628-324237|19 26 28.70|-32 42 37.1|     6543.329|
|GLEAM J095804-290408|09 58 04.79|-29 04 08.1|     6522.768|
|GLEAM J193138-335437|19 31 38.78|-33 54 37.5|     6490.437|
|GLEAM J191928-295756|19 19 28.23|-29 57 56.7|     6451.265|
|GLEAM J022343-281856|02 23 43.65|-28 18 56.4|     6392.964|
|GLEAM J041301-342958|04 13 01.26|-34 29 58.5|     6383.474|
|GLEAM J155908-214028|15 59 08.30|-21 40 28.4|     6336.038|
|GLEAM J041508-292901|04 15 08.96|-29 29 01.4|     6325.466|
|GLEAM J034205-370320|03 42 05.74|-37 03 20.4|     6298.218|
|GLEAM J213123-312110|21 31 23.22|-31 21 10.1|     6292.571|
|GLEAM J040851-241817|04 08 51.22|-24 18 17.9|     6289.517|
|GLEAM J233648-344403|23 36 48.56|-34 44 04.0|     6283.329|
|GLEAM J054307-242103|05 43 07.79|-24 21 03.5|     6256.113|
|GLEAM J105132-202344|10 51 32.29|-20 23 45.0|     6254.453|
|GLEAM J220114-374641|22 01 14.81|-37 46 41.7|     6246.209|
|GLEAM J192819-293157|19 28 19.12|-29 31 57.1|     6192.073|
|GLEAM J153158-293005|15 31 58.80|-29 30 05.9|     6168.016|
|GLEAM J195123-273720|19 51 23.75|-27 37 20.3|     6163.464|
|GLEAM J193251-275401|19 32 51.25|-27 54 01.2|     6126.839|
|GLEAM J012445-251714|01 24 45.34|-25 17 14.0|     6110.916|
|GLEAM J035125-274610|03 51 25.79|-27 46 10.1|     6099.689|
|GLEAM J192155-352639|19 21 55.61|-35 26 39.3|     6062.866|
|GLEAM J043300-295609|04 33 00.27|-29 56 09.3|     6056.320|
|GLEAM J231949-220416|23 19 49.68|-22 04 16.1|     6022.512|
|GLEAM J193348-263332|19 33 48.24|-26 33 32.4|     6012.807|
|GLEAM J061732-363412|06 17 32.55|-36 34 12.5|     5979.370|
|GLEAM J033014-365309|03 30 14.23|-36 53 09.5|     5964.867|
|GLEAM J133224-330824|13 32 24.50|-33 08 24.5|     5915.432|
|GLEAM J015647-361604|01 56 47.61|-36 16 05.0|     5911.489|
|GLEAM J060203-381905|06 02 03.60|-38 19 05.9|     5891.886|
|GLEAM J124312-211207|12 43 12.32|-21 12 07.7|     5863.192|
|GLEAM J032836-284146|03 28 36.35|-28 41 46.9|     5862.308|
|GLEAM J055616-322310|05 56 16.00|-32 23 10.1|     5855.553|
|GLEAM J110948-230225|11 09 48.22|-23 02 25.1|     5757.665|
|GLEAM J142155-310422|14 21 55.42|-31 04 22.1|     5731.556|
|GLEAM J115115-353701|11 51 15.17|-35 37 01.7|     5714.314|
|GLEAM J133232-255947|13 32 32.31|-25 59 47.2|     5706.772|
|GLEAM J130152-202037|13 01 52.76|-20 20 37.6|     5699.383|
|GLEAM J101348-315323|10 13 48.27|-31 53 23.7|     5617.321|
|GLEAM J192451-291426|19 24 51.39|-29 14 26.9|     5587.689|
|GLEAM J105514-341855|10 55 14.06|-34 18 55.5|     5579.657|
|GLEAM J220716-200320|22 07 16.00|-20 03 20.8|     5573.878|
|GLEAM J092902-293017|09 29 02.64|-29 30 17.7|     5573.351|
|GLEAM J231007-275752|23 10 07.36|-27 57 52.9|     5563.850|
|GLEAM J105709-371833|10 57 09.58|-37 18 33.6|     5539.885|
|GLEAM J052333-325119|05 23 33.47|-32 51 19.6|     5536.689|
|GLEAM J140540-365535|14 05 40.37|-36 55 35.1|     5526.649|
|GLEAM J163449-222208|16 34 49.90|-22 22 08.3|     5503.526|
|GLEAM J010244-273124|01 02 44.20|-27 31 24.6|     5483.519|
|GLEAM J211403-350236|21 14 03.49|-35 02 36.3|     5480.083|
|GLEAM J145509-365543|14 55 09.56|-36 55 43.1|     5444.160|
|GLEAM J151155-304500|15 11 55.66|-30 45 00.5|     5442.413|
|GLEAM J133335-330517|13 33 35.90|-33 05 17.2|     5440.913|
|GLEAM J114628-332838|11 46 28.63|-33 28 38.9|     5384.946|
|GLEAM J010509-381101|01 05 09.25|-38 11 01.4|     5382.100|
|GLEAM J142151-392346|14 21 51.83|-39 23 46.7|     5309.933|
|GLEAM J162100-234200|16 21 00.40|-23 42 00.7|     5299.074|
|GLEAM J063631-202924|06 36 31.62|-20 29 24.4|     5228.757|
|GLEAM J000312-355630|00 03 12.91|-35 56 30.2|     5221.146|
|GLEAM J204239-285534|20 42 39.27|-28 55 34.6|     5209.303|
|GLEAM J211050-335106|21 10 50.69|-33 51 06.4|     5207.291|
|GLEAM J025552-202743|02 55 52.28|-20 27 43.1|     5183.855|
|GLEAM J042347-340234|04 23 47.06|-34 02 34.3|     5178.283|
|GLEAM J140635-273613|14 06 35.76|-27 36 13.2|     5137.673|
|GLEAM J042234-261700|04 22 34.60|-26 17 00.0|     5130.506|
|GLEAM J045244-220117|04 52 44.87|-22 01 17.0|     5117.954|
|GLEAM J061636-345613|06 16 36.30|-34 56 13.8|     5085.536|
|GLEAM J221600-280329|22 16 00.61|-28 03 30.0|     5069.123|
|GLEAM J063957-274532|06 39 57.45|-27 45 32.3|     5064.606|
|GLEAM J194013-225947|19 40 13.84|-22 59 47.6|     5060.269|
|GLEAM J093245-201750|09 32 45.77|-20 17 50.1|     5045.586|
|GLEAM J213924-255645|21 39 24.65|-25 56 45.5|     5044.501|
|GLEAM J225500-391300|22 55 00.21|-39 13 00.0|     5036.903|
|GLEAM J152007-283411|15 20 07.06|-28 34 11.7|     5035.724|
|GLEAM J105533-283134|10 55 33.65|-28 31 34.3|     5029.887|
|GLEAM J153353-333707|15 33 53.52|-33 37 07.0|     5023.669|
|GLEAM J130025-231806|13 00 25.12|-23 18 06.8|     5015.675|
|GLEAM J053949-341235|05 39 49.09|-34 12 35.5|     5002.654|
|GLEAM J170752-222543|17 07 52.30|-22 25 43.8|     5000.197|
|GLEAM J001218-332157|00 12 18.13|-33 21 57.3|     4996.114|
|GLEAM J100910-285552|10 09 10.80|-28 55 52.9|     4948.127|
|GLEAM J161317-213404|16 13 17.26|-21 34 04.9|     4916.641|
|GLEAM J142828-274150|14 28 28.28|-27 41 50.8|     4888.002|
|GLEAM J125722-302142|12 57 22.70|-30 21 42.7|     4883.057|
|GLEAM J125720-333437|12 57 20.64|-33 34 37.9|     4879.136|
|GLEAM J154902-321811|15 49 02.96|-32 18 11.5|     4839.979|
|GLEAM J120533-263407|12 05 33.16|-26 34 07.3|     4819.428|
|GLEAM J160127-242956|16 01 27.89|-24 29 56.1|     4795.708|
|GLEAM J122039-374017|12 20 39.30|-37 40 17.6|     4792.121|
|GLEAM J233147-245210|23 31 47.43|-24 52 10.9|     4784.186|
|GLEAM J002613-200455|00 26 13.77|-20 04 55.0|     4750.989|
|GLEAM J225029-230109|22 50 29.79|-23 01 09.2|     4743.846|
|GLEAM J111921-363138|11 19 21.85|-36 31 38.2|     4735.398|
|GLEAM J212639-290058|21 26 39.89|-29 00 58.2|     4733.472|
|GLEAM J032911-260017|03 29 11.29|-26 00 17.6|     4717.990|
|GLEAM J162402-261224|16 24 02.67|-26 12 24.4|     4717.160|
|GLEAM J060554-351806|06 05 54.32|-35 18 06.3|     4706.215|
|GLEAM J132744-301810|13 27 44.49|-30 18 10.6|     4700.013|
|GLEAM J113331-271521|11 33 31.36|-27 15 21.6|     4677.654|
|GLEAM J185051-255541|18 50 51.35|-25 55 41.2|     4676.462|
|GLEAM J010837-285124|01 08 37.97|-28 51 24.9|     4673.023|
|GLEAM J044443-285140|04 44 43.97|-28 51 40.9|     4670.931|
|GLEAM J230627-250653|23 06 27.29|-25 06 53.2|     4652.256|
|GLEAM J140421-340018|14 04 21.83|-34 00 18.7|     4652.184|
|GLEAM J140420-295200|14 04 20.86|-29 52 00.2|     4647.663|
|GLEAM J022057-383301|02 20 57.70|-38 33 02.0|     4644.603|
|GLEAM J023056-394418|02 30 56.32|-39 44 18.5|     4591.259|
|GLEAM J204345-263409|20 43 45.21|-26 34 09.2|     4548.310|
|GLEAM J215343-200056|21 53 43.62|-20 00 57.0|     4544.933|
|GLEAM J232834-210542|23 28 34.44|-21 05 43.0|     4524.274|
|GLEAM J101329-283118|10 13 29.40|-28 31 18.1|     4501.810|
|GLEAM J192908-373251|19 29 08.57|-37 32 51.6|     4493.936|
|GLEAM J194924-232706|19 49 24.68|-23 27 06.3|     4480.038|
|GLEAM J030456-355643|03 04 56.08|-35 56 43.7|     4478.849|
|GLEAM J043018-280045|04 30 18.00|-28 00 45.0|     4472.034|
|GLEAM J043736-295359|04 37 36.54|-29 53 59.9|     4471.063|
|GLEAM J224633-304445|22 46 33.95|-30 44 45.3|     4464.964|
|GLEAM J165513-270624|16 55 13.68|-27 06 24.2|     4456.629|
|GLEAM J153017-201343|15 30 17.29|-20 13 43.5|     4452.958|
|GLEAM J122845-212611|12 28 45.66|-21 26 11.2|     4452.103|
|GLEAM J135210-264927|13 52 10.62|-26 49 27.1|     4438.668|
|GLEAM J101403-361647|10 14 03.10|-36 16 47.4|     4425.117|
|GLEAM J220920-233148|22 09 20.21|-23 31 48.7|     4415.323|
|GLEAM J130452-325137|13 04 52.26|-32 51 37.1|     4411.644|
|GLEAM J042640-264348|04 26 40.66|-26 43 48.1|     4399.361|
|GLEAM J051102-331558|05 11 02.00|-33 15 58.7|     4362.646|
|GLEAM J194554-270617|19 45 54.58|-27 06 17.9|     4358.237|
|GLEAM J145247-342058|14 52 47.25|-34 20 58.8|     4358.148|
|GLEAM J233343-305753|23 33 43.42|-30 57 53.1|     4325.473|
|GLEAM J060101-392612|06 01 01.17|-39 26 12.7|     4308.988|
|GLEAM J050539-282627|05 05 39.67|-28 26 27.1|     4290.099|
|GLEAM J151503-314432|15 15 03.87|-31 44 32.5|     4287.372|
|GLEAM J191428-292822|19 14 28.89|-29 28 22.7|     4263.560|
|GLEAM J162618-225526|16 26 18.16|-22 55 26.8|     4262.433|
|GLEAM J232447-271916|23 24 47.34|-27 19 16.8|     4242.753|
|GLEAM J161658-251601|16 16 58.85|-25 16 01.2|     4234.899|
|GLEAM J112854-292139|11 28 54.45|-29 21 39.7|     4230.636|
|GLEAM J021317-341325|02 13 17.30|-34 13 25.6|     4219.440|
|GLEAM J063433-271116|06 34 33.48|-27 11 16.1|     4215.796|
|GLEAM J192738-281041|19 27 38.50|-28 10 41.4|     4207.034|
|GLEAM J150134-391838|15 01 34.66|-39 18 38.1|     4204.789|
|GLEAM J062358-213744|06 23 58.33|-21 37 44.3|     4196.952|
|GLEAM J022720-303746|02 27 20.30|-30 37 46.5|     4191.341|
|GLEAM J221811-302357|22 18 11.05|-30 23 57.9|     4177.573|
|GLEAM J032128-294043|03 21 28.31|-29 40 43.2|     4151.058|
|GLEAM J122640-262959|12 26 40.12|-26 30 00.0|     4125.664|
|GLEAM J142843-395848|14 28 43.17|-39 58 48.6|     4117.921|
|GLEAM J202124-221455|20 21 24.33|-22 14 55.1|     4111.939|
|GLEAM J232036-335325|23 20 36.78|-33 53 25.9|     4110.992|
|GLEAM J122452-252836|12 24 52.27|-25 28 36.9|     4065.142|
|GLEAM J141439-302535|14 14 39.01|-30 25 35.4|     4062.608|
|GLEAM J092834-265248|09 28 34.35|-26 52 49.0|     4055.656|
|GLEAM J041947-395007|04 19 47.19|-39 50 07.5|     4051.627|
|GLEAM J192655-391741|19 26 55.25|-39 17 41.6|     4041.444|
|GLEAM J140459-253537|14 04 59.14|-25 35 38.0|     4007.149|
|GLEAM J145427-374734|14 54 27.14|-37 47 34.2|     4005.063|
|GLEAM J105516-272950|10 55 16.86|-27 29 50.2|     4001.793|
|GLEAM J061721-282547|06 17 21.20|-28 25 47.1|     4001.513|
|GLEAM J093405-372805|09 34 05.82|-37 28 05.2|     3978.435|
|GLEAM J054558-263015|05 45 58.58|-26 30 15.2|     3964.824|
|GLEAM J212937-224828|21 29 37.14|-22 48 28.2|     3962.884|
|GLEAM J022716-335232|02 27 16.92|-33 52 32.7|     3962.747|
|GLEAM J155826-244917|15 58 26.72|-24 49 17.5|     3955.922|
|GLEAM J224704-365746|22 47 04.01|-36 57 46.4|     3955.775|
|GLEAM J010925-344712|01 09 25.74|-34 47 12.2|     3955.186|
|GLEAM J200925-340722|20 09 25.70|-34 07 22.5|     3943.870|
|GLEAM J150628-223203|15 06 28.51|-22 32 03.7|     3940.560|
|GLEAM J141727-212645|14 17 27.29|-21 26 45.4|     3937.232|
|GLEAM J184130-362901|18 41 30.54|-36 29 01.9|     3935.407|
|GLEAM J070934-360341|07 09 34.69|-36 03 41.3|     3933.688|
|GLEAM J220156-332056|22 01 56.43|-33 20 56.2|     3929.214|
|GLEAM J212044-264438|21 20 44.59|-26 44 38.7|     3923.268|
|GLEAM J195816-340205|19 58 16.84|-34 02 05.1|     3907.591|
|GLEAM J162249-282314|16 22 49.59|-28 23 14.5|     3906.875|
|GLEAM J100439-321639|10 04 39.25|-32 16 39.9|     3864.210|
|GLEAM J015200-294056|01 52 00.88|-29 40 56.1|     3860.184|
|GLEAM J165804-201127|16 58 04.90|-20 11 27.7|     3852.949|
|GLEAM J130100-322624|13 01 00.61|-32 26 24.7|     3842.593|
|GLEAM J194822-302010|19 48 22.32|-30 20 10.4|     3840.783|
|GLEAM J205006-294925|20 50 06.95|-29 49 25.2|     3837.472|
|GLEAM J141335-202037|14 13 35.15|-20 20 37.2|     3836.834|
|GLEAM J014645-371154|01 46 45.96|-37 11 54.2|     3830.509|
|GLEAM J135411-212308|13 54 11.42|-21 23 08.4|     3819.751|
|GLEAM J093805-281422|09 38 05.80|-28 14 22.7|     3813.882|
|GLEAM J221404-245642|22 14 04.54|-24 56 42.7|     3795.233|
|GLEAM J152138-301104|15 21 38.18|-30 11 04.5|     3793.339|
|GLEAM J232103-241043|23 21 03.46|-24 10 43.2|     3793.307|
|GLEAM J105854-362051|10 58 54.48|-36 20 51.2|     3757.936|
|GLEAM J230455-343129|23 04 55.66|-34 31 29.0|     3757.242|
|GLEAM J065150-342759|06 51 50.82|-34 27 59.5|     3750.626|
|GLEAM J001636-382643|00 16 36.40|-38 26 43.9|     3746.705|
|GLEAM J015753-210216|01 57 53.43|-21 02 16.7|     3743.293|
|GLEAM J044737-220335|04 47 37.16|-22 03 35.3|     3742.568|
|GLEAM J011815-255148|01 18 15.50|-25 51 48.2|     3735.211|
|GLEAM J085719-211443|08 57 19.47|-21 14 43.9|     3730.559|
|GLEAM J220828-313156|22 08 28.37|-31 31 56.7|     3718.458|
|GLEAM J204517-355610|20 45 17.64|-35 56 10.6|     3712.256|
|GLEAM J184215-351754|18 42 15.14|-35 17 54.1|     3705.830|
|GLEAM J053043-211300|05 30 43.71|-21 13 00.6|     3704.476|
|GLEAM J115911-222834|11 59 11.25|-22 28 34.3|     3704.015|
|GLEAM J204841-252700|20 48 41.14|-25 27 00.0|     3700.635|
|GLEAM J203110-221307|20 31 10.39|-22 13 07.4|     3695.524|
|GLEAM J185157-334526|18 51 57.58|-33 45 26.4|     3695.003|
|GLEAM J145706-360459|14 57 06.39|-36 04 59.9|     3691.255|
|GLEAM J043636-222619|04 36 36.23|-22 26 19.5|     3689.563|
|GLEAM J055820-280912|05 58 20.47|-28 09 12.1|     3687.476|
|GLEAM J183356-394023|18 33 56.54|-39 40 23.1|     3686.855|
|GLEAM J150248-313955|15 02 48.23|-31 39 55.4|     3675.919|
|GLEAM J011442-204239|01 14 42.03|-20 42 39.5|     3662.403|
|GLEAM J204813-242030|20 48 13.48|-24 20 30.1|     3653.813|
|GLEAM J155855-213608|15 58 55.23|-21 36 08.1|     3652.003|
|GLEAM J040700-315210|04 07 00.95|-31 52 10.3|     3646.235|
|GLEAM J054017-330918|05 40 17.34|-33 09 18.1|     3645.848|
|GLEAM J043707-331205|04 37 07.80|-33 12 05.6|     3640.581|
|GLEAM J234740-280839|23 47 40.25|-28 08 39.4|     3636.988|
|GLEAM J234324-214129|23 43 24.19|-21 41 29.9|     3618.650|
|GLEAM J051338-302616|05 13 38.29|-30 26 16.0|     3618.052|
|GLEAM J144033-370528|14 40 33.27|-37 05 28.9|     3592.853|
|GLEAM J165517-254727|16 55 17.30|-25 47 27.2|     3589.982|
|GLEAM J222751-303344|22 27 51.58|-30 33 44.0|     3588.951|
|GLEAM J144150-372414|14 41 50.58|-37 24 14.6|     3586.488|
|GLEAM J000355-305949|00 03 55.14|-30 59 49.9|     3586.066|
|GLEAM J154419-382839|15 44 19.31|-38 28 39.0|     3584.421|
|GLEAM J140008-341250|14 00 08.90|-34 12 50.1|     3583.911|
|GLEAM J054516-315853|05 45 16.65|-31 58 53.7|     3579.199|
|GLEAM J201707-310305|20 17 07.98|-31 03 05.2|     3574.826|
|GLEAM J163900-232952|16 39 00.92|-23 29 52.3|     3572.856|
|GLEAM J050756-384243|05 07 56.50|-38 42 43.6|     3569.916|
|GLEAM J160108-293854|16 01 08.75|-29 38 54.3|     3550.386|
|GLEAM J101503-235705|10 15 03.11|-23 57 05.6|     3537.662|
|GLEAM J141405-240534|14 14 05.64|-24 05 34.9|     3537.448|
|GLEAM J044829-203217|04 48 29.20|-20 32 17.1|     3532.604|
|GLEAM J210012-282904|21 00 12.37|-28 29 04.0|     3529.336|
|GLEAM J220922-245334|22 09 22.79|-24 53 34.3|     3528.244|
|GLEAM J041508-202212|04 15 08.26|-20 22 12.7|     3513.306|
|GLEAM J193238-322938|19 32 38.73|-32 29 38.6|     3512.828|
|GLEAM J020648-373834|02 06 48.15|-37 38 34.2|     3512.648|
|GLEAM J214542-344133|21 45 42.28|-34 41 33.1|     3510.422|
|GLEAM J142001-374334|14 20 01.71|-37 43 34.9|     3499.089|
|GLEAM J065716-320328|06 57 16.65|-32 03 28.3|     3488.007|
|GLEAM J031152-312959|03 11 52.15|-31 29 59.7|     3479.733|
|GLEAM J131517-274459|13 15 17.65|-27 44 59.4|     3478.221|
|GLEAM J192724-225842|19 27 24.65|-22 58 42.9|     3476.470|
|GLEAM J191757-243917|19 17 57.96|-24 39 17.8|     3462.614|
|GLEAM J194535-344441|19 45 35.35|-34 44 41.5|     3461.544|
|GLEAM J034048-340851|03 40 48.19|-34 08 51.9|     3457.941|
|GLEAM J113441-260911|11 34 41.73|-26 09 11.7|     3455.243|
|GLEAM J021527-312144|02 15 27.31|-31 21 44.7|     3454.941|
|GLEAM J160559-362226|16 05 59.48|-36 22 26.6|     3450.435|
|GLEAM J201737-313926|20 17 37.83|-31 39 26.6|     3434.394|
|GLEAM J114941-341138|11 49 41.41|-34 11 38.8|     3433.414|
|GLEAM J023230-242201|02 32 30.61|-24 22 01.7|     3430.623|
|GLEAM J035956-243355|03 59 56.35|-24 33 55.8|     3430.351|
|GLEAM J025851-232946|02 58 51.60|-23 29 46.1|     3428.604|
|GLEAM J042254-331502|04 22 54.40|-33 15 02.4|     3428.471|
|GLEAM J005827-240101|00 58 27.76|-24 01 01.7|     3427.163|
|GLEAM J002654-365535|00 26 54.74|-36 55 35.8|     3420.698|
|GLEAM J064118-355427|06 41 18.00|-35 54 27.7|     3412.718|
|GLEAM J194450-270247|19 44 50.84|-27 02 47.3|     3406.647|
|GLEAM J022733-235450|02 27 33.49|-23 54 50.6|     3404.720|
|GLEAM J044600-330523|04 46 00.30|-33 05 23.6|     3404.545|
|GLEAM J221438-383546|22 14 38.72|-38 35 46.2|     3399.813|
|GLEAM J044642-354217|04 46 42.21|-35 42 18.0|     3395.611|
|GLEAM J103307-360200|10 33 07.23|-36 02 00.5|     3383.138|
|GLEAM J021948-364308|02 19 48.05|-36 43 08.2|     3380.451|
|GLEAM J053115-303210|05 31 15.69|-30 32 11.0|     3379.242|
|GLEAM J152149-294241|15 21 49.02|-29 42 41.9|     3372.258|
|GLEAM J202704-213616|20 27 04.58|-21 36 16.7|     3372.054|
|GLEAM J134503-314007|13 45 03.75|-31 40 07.5|     3370.885|
|GLEAM J043335-290557|04 33 35.66|-29 05 57.0|     3369.506|
|GLEAM J003629-372745|00 36 29.31|-37 27 45.1|     3366.617|
|GLEAM J110331-325116|11 03 31.51|-32 51 16.7|     3356.905|
|GLEAM J044510-383830|04 45 10.24|-38 38 30.2|     3353.670|
|GLEAM J033401-385840|03 34 01.95|-38 58 40.5|     3346.342|
|GLEAM J193149-263450|19 31 49.80|-26 34 50.0|     3343.776|
|GLEAM J022516-221519|02 25 16.59|-22 15 19.1|     3343.288|
|GLEAM J210336-274920|21 03 36.16|-27 49 20.3|     3335.919|
|GLEAM J210658-240505|21 06 58.54|-24 05 06.0|     3335.667|
|GLEAM J104614-380613|10 46 14.30|-38 06 13.6|     3330.465|
|GLEAM J205103-270304|20 51 03.70|-27 03 04.7|     3329.353|
|GLEAM J135349-235027|13 53 49.73|-23 50 27.1|     3328.552|
|GLEAM J184037-293347|18 40 37.54|-29 33 47.2|     3321.696|
|GLEAM J204341-263126|20 43 41.51|-26 31 26.8|     3321.647|
|GLEAM J023556-285044|02 35 56.09|-28 50 44.2|     3312.502|
|GLEAM J091655-313637|09 16 55.98|-31 36 37.3|     3310.423|
|GLEAM J191452-255208|19 14 52.60|-25 52 08.3|     3299.119|
|GLEAM J062833-211231|06 28 33.36|-21 12 31.6|     3296.844|
|GLEAM J102056-321100|10 20 56.99|-32 11 00.1|     3294.611|
|GLEAM J033416-390129|03 34 16.25|-39 01 29.0|     3292.812|
|GLEAM J125009-291627|12 50 09.57|-29 16 27.1|     3292.419|
|GLEAM J141825-381009|14 18 25.90|-38 10 09.0|     3289.514|
|GLEAM J031001-301930|03 10 01.88|-30 19 30.2|     3288.611|
|GLEAM J171009-203026|17 10 09.67|-20 30 26.1|     3281.227|
|GLEAM J100140-305823|10 01 40.27|-30 58 23.5|     3274.278|
|GLEAM J232848-250806|23 28 48.41|-25 08 06.1|     3264.362|
|GLEAM J072040-383438|07 20 40.74|-38 34 38.6|     3261.564|
|GLEAM J200537-245730|20 05 37.15|-24 57 30.1|     3256.659|
|GLEAM J152212-391238|15 22 12.49|-39 12 38.5|     3252.027|
|GLEAM J150801-310730|15 08 01.15|-31 07 30.3|     3250.691|
|GLEAM J231620-272953|23 16 20.18|-27 29 53.4|     3248.723|
|GLEAM J234545-240232|23 45 45.57|-24 02 32.0|     3244.746|
|GLEAM J162547-252736|16 25 47.10|-25 27 36.4|     3243.029|
|GLEAM J004411-221219|00 44 11.24|-22 12 19.2|     3242.649|
|GLEAM J015143-391008|01 51 43.34|-39 10 08.3|     3231.085|
|GLEAM J231438-215552|23 14 38.28|-21 55 52.7|     3229.683|
|GLEAM J003221-240505|00 32 21.40|-24 05 05.2|     3228.082|
|GLEAM J021117-235120|02 11 17.14|-23 51 20.1|     3225.420|
|GLEAM J233429-334502|23 34 29.59|-33 45 02.5|     3224.150|
|GLEAM J092121-321935|09 21 21.62|-32 19 35.9|     3223.764|
|GLEAM J131611-250638|13 16 11.66|-25 06 38.3|     3222.495|
|GLEAM J142541-371946|14 25 41.27|-37 19 47.0|     3219.081|
|GLEAM J010316-322550|01 03 16.85|-32 25 50.3|     3214.802|
|GLEAM J034132-362232|03 41 32.92|-36 22 32.5|     3212.335|
|GLEAM J132838-223133|13 28 38.02|-22 31 33.7|     3208.305|
|GLEAM J141422-264811|14 14 22.45|-26 48 11.6|     3202.290|
|GLEAM J152324-330924|15 23 24.47|-33 09 24.5|     3196.860|
|GLEAM J140202-282221|14 02 02.63|-28 22 21.6|     3193.244|
|GLEAM J215951-371031|21 59 51.86|-37 10 31.6|     3189.991|
|GLEAM J151506-222530|15 15 06.21|-22 25 30.4|     3183.124|
|GLEAM J125921-332441|12 59 21.42|-33 24 41.5|     3181.224|
|GLEAM J201629-303513|20 16 29.88|-30 35 13.5|     3179.258|
|GLEAM J032704-223938|03 27 04.44|-22 39 38.9|     3178.747|
|GLEAM J141331-300239|14 13 31.45|-30 02 39.8|     3175.342|
|GLEAM J100420-363954|10 04 20.59|-36 39 54.9|     3171.235|
|GLEAM J193022-355048|19 30 22.60|-35 50 48.9|     3170.732|
|GLEAM J040503-340447|04 05 03.06|-34 04 47.9|     3168.365|
|GLEAM J124350-275213|12 43 50.49|-27 52 13.2|     3168.134|
|GLEAM J061334-253038|06 13 34.04|-25 30 38.1|     3167.231|
|GLEAM J123243-244550|12 32 43.39|-24 45 50.7|     3149.638|
|GLEAM J134731-215643|13 47 31.70|-21 56 43.5|     3145.929|
|GLEAM J204142-275244|20 41 42.50|-27 52 44.2|     3145.604|
|GLEAM J025926-394039|02 59 26.43|-39 40 39.1|     3141.857|
|GLEAM J145915-365547|14 59 15.78|-36 55 47.2|     3141.528|
|GLEAM J201339-272417|20 13 39.50|-27 24 17.0|     3140.428|
|GLEAM J085348-225059|08 53 48.71|-22 50 59.9|     3139.193|
|GLEAM J162658-260018|16 26 58.88|-26 00 18.3|     3134.466|
|GLEAM J013737-243048|01 37 37.82|-24 30 48.6|     3122.560|
|GLEAM J055759-285546|05 57 59.61|-28 55 46.2|     3117.313|
|GLEAM J213713-275453|21 37 13.43|-27 54 53.6|     3116.980|
|GLEAM J211902-245208|21 19 02.56|-24 52 08.2|     3102.945|
|GLEAM J195045-281758|19 50 45.13|-28 17 58.3|     3084.288|
|GLEAM J200208-292736|20 02 08.75|-29 27 36.4|     3071.608|
|GLEAM J192648-323457|19 26 48.16|-32 34 57.7|     3070.732|
|GLEAM J214216-285837|21 42 16.70|-28 58 37.5|     3068.606|
|GLEAM J102859-202728|10 28 59.17|-20 27 28.3|     3063.316|
|GLEAM J150257-380321|15 02 57.00|-38 03 21.0|     3058.295|
|GLEAM J210201-393358|21 02 01.88|-39 33 59.0|     3055.340|
|GLEAM J030036-341401|03 00 36.16|-34 14 01.1|     3042.399|
|GLEAM J231310-315749|23 13 10.99|-31 57 49.3|     3040.815|
|GLEAM J202809-202837|20 28 09.16|-20 28 37.3|     3035.781|
|GLEAM J092252-272627|09 22 52.89|-27 26 27.4|     3029.493|
|GLEAM J035139-343439|03 51 39.81|-34 34 39.6|     3024.458|
|GLEAM J115609-232719|11 56 09.60|-23 27 19.5|     3019.821|
|GLEAM J024822-225754|02 48 22.74|-22 57 54.3|     3014.039|
|GLEAM J183045-381955|18 30 45.70|-38 19 55.9|     3010.960|
|GLEAM J105431-375658|10 54 31.45|-37 56 58.6|     3004.553|
|GLEAM J094908-263028|09 49 08.69|-26 30 28.7|     3002.452|
|GLEAM J015223-271855|01 52 23.59|-27 18 55.8|     3002.014|
|GLEAM J094056-335914|09 40 56.10|-33 59 14.2|     3000.975|
|GLEAM J224509-301241|22 45 09.70|-30 12 42.0|     2995.749|
|GLEAM J131346-271647|13 13 46.98|-27 16 47.1|     2994.661|
|GLEAM J162312-260337|16 23 12.15|-26 03 37.2|     2990.786|
|GLEAM J113801-392256|11 38 01.34|-39 22 56.8|     2985.261|
|GLEAM J130302-334916|13 03 02.56|-33 49 16.2|     2981.934|
|GLEAM J034701-290026|03 47 01.56|-29 00 26.7|     2980.188|
|GLEAM J072232-370409|07 22 32.25|-37 04 09.3|     2979.445|
|GLEAM J212805-232944|21 28 05.43|-23 29 44.2|     2972.566|
|GLEAM J060405-285843|06 04 05.00|-28 58 43.9|     2969.962|
|GLEAM J233954-331011|23 39 54.81|-33 10 11.4|     2969.721|
|GLEAM J134714-242219|13 47 14.67|-24 22 19.4|     2966.420|
|GLEAM J101351-321943|10 13 51.62|-32 19 43.5|     2964.537|
|GLEAM J031605-265906|03 16 05.63|-26 59 06.4|     2961.945|
|GLEAM J055612-320622|05 56 12.56|-32 06 22.4|     2960.944|
|GLEAM J070857-383350|07 08 57.07|-38 33 50.8|     2958.169|
|GLEAM J212602-394038|21 26 02.89|-39 40 38.3|     2954.816|
|GLEAM J042731-362524|04 27 31.67|-36 25 24.4|     2954.155|
|GLEAM J010452-252052|01 04 52.33|-25 20 52.3|     2952.996|
|GLEAM J094625-274627|09 46 25.14|-27 46 27.9|     2949.895|
|GLEAM J185325-394132|18 53 25.56|-39 41 32.2|     2940.128|
|GLEAM J152545-373219|15 25 45.19|-37 32 19.7|     2939.383|
|GLEAM J112523-372330|11 25 23.20|-37 23 30.2|     2928.036|
|GLEAM J103723-290749|10 37 23.42|-29 07 49.5|     2925.435|
|GLEAM J055049-314421|05 50 49.92|-31 44 21.9|     2920.157|
|GLEAM J123524-332240|12 35 24.95|-33 22 40.1|     2913.898|
|GLEAM J225511-302547|22 55 11.29|-30 25 47.5|     2903.845|
|GLEAM J212650-350708|21 26 50.50|-35 07 08.2|     2896.786|
|GLEAM J145739-245648|14 57 39.70|-24 56 48.7|     2877.602|
|GLEAM J195313-211159|19 53 13.39|-21 11 59.6|     2876.000|
|GLEAM J183840-352733|18 38 40.31|-35 27 33.5|     2871.131|
|GLEAM J034811-293312|03 48 11.21|-29 33 12.8|     2869.248|
|GLEAM J032227-384842|03 22 27.81|-38 48 42.1|     2869.159|
|GLEAM J134855-252700|13 48 55.17|-25 27 00.5|     2868.528|
|GLEAM J071631-364414|07 16 31.75|-36 44 14.2|     2867.170|
|GLEAM J160739-204958|16 07 39.17|-20 49 58.1|     2866.490|
|GLEAM J124840-293148|12 48 40.01|-29 31 48.3|     2863.494|
|GLEAM J083743-223922|08 37 43.99|-22 39 22.7|     2860.590|
|GLEAM J223520-225946|22 35 20.43|-22 59 46.2|     2859.298|
|GLEAM J042947-342637|04 29 47.18|-34 26 37.1|     2853.766|
|GLEAM J005807-374939|00 58 07.48|-37 49 39.6|     2849.910|
|GLEAM J041122-351255|04 11 22.20|-35 12 56.0|     2848.067|
|GLEAM J212452-380840|21 24 52.13|-38 08 40.6|     2847.260|
|GLEAM J095433-305326|09 54 33.43|-30 53 27.0|     2836.370|
|GLEAM J202433-204349|20 24 33.05|-20 43 49.5|     2833.253|
|GLEAM J194138-292942|19 41 38.98|-29 29 42.4|     2832.883|
|GLEAM J202258-205649|20 22 58.18|-20 56 49.2|     2828.315|
|GLEAM J111037-334705|11 10 37.79|-33 47 05.1|     2824.305|
|GLEAM J235735-211319|23 57 35.55|-21 13 19.2|     2819.731|
|GLEAM J210246-392136|21 02 46.69|-39 21 36.2|     2815.405|
|GLEAM J132616-272632|13 26 16.66|-27 26 32.2|     2811.984|
|GLEAM J133600-304230|13 36 00.34|-30 42 30.4|     2807.773|
|GLEAM J231953-365630|23 19 53.55|-36 56 30.1|     2804.318|
|GLEAM J144036-245831|14 40 36.51|-24 58 31.2|     2795.048|
|GLEAM J012123-300754|01 21 23.36|-30 07 54.9|     2794.114|
|GLEAM J003722-230825|00 37 22.29|-23 08 25.0|     2794.044|
|GLEAM J105042-273305|10 50 42.52|-27 33 05.8|     2793.330|
|GLEAM J150831-201530|15 08 31.74|-20 15 30.9|     2789.930|
|GLEAM J024759-293126|02 47 59.17|-29 31 26.8|     2788.358|
|GLEAM J025616-261037|02 56 16.67|-26 10 37.4|     2787.447|
|GLEAM J063215-364959|06 32 15.09|-36 49 59.8|     2784.542|
|GLEAM J045213-384110|04 52 13.25|-38 41 10.7|     2783.242|
|GLEAM J043832-311243|04 38 32.85|-31 12 43.6|     2782.439|
|GLEAM J145110-212527|14 51 10.25|-21 25 27.1|     2779.449|
|GLEAM J031812-253507|03 18 12.18|-25 35 07.9|     2777.133|
|GLEAM J200843-285856|20 08 43.04|-28 58 56.8|     2776.822|
|GLEAM J020739-224454|02 07 39.38|-22 44 54.3|     2774.965|
|GLEAM J103611-252516|10 36 11.91|-25 25 16.8|     2773.559|
|GLEAM J111458-365237|11 14 58.20|-36 52 37.7|     2768.189|
|GLEAM J111437-241220|11 14 37.37|-24 12 20.4|     2764.826|
|GLEAM J043909-242155|04 39 09.28|-24 21 55.3|     2758.612|
|GLEAM J191938-364258|19 19 38.73|-36 42 58.4|     2757.752|
|GLEAM J104203-355613|10 42 03.58|-35 56 13.0|     2754.204|
|GLEAM J063149-321654|06 31 49.95|-32 16 54.8|     2749.226|
|GLEAM J223345-383102|22 33 45.59|-38 31 02.8|     2744.945|
|GLEAM J224623-320231|22 46 23.35|-32 02 31.4|     2744.068|
|GLEAM J184406-260400|18 44 06.02|-26 04 00.9|     2738.591|
|GLEAM J104531-215343|10 45 31.18|-21 53 43.5|     2735.779|
|GLEAM J102844-371304|10 28 44.42|-37 13 05.0|     2731.662|
|GLEAM J062032-251518|06 20 32.05|-25 15 18.2|     2730.346|
|GLEAM J155402-270441|15 54 02.58|-27 04 41.8|     2730.115|
|GLEAM J194208-203819|19 42 08.72|-20 38 19.9|     2729.775|
|GLEAM J130615-251714|13 06 15.87|-25 17 14.8|     2726.579|
|GLEAM J100833-213921|10 08 33.25|-21 39 21.8|     2715.450|
|GLEAM J143300-351946|14 33 00.59|-35 19 46.1|     2715.446|
|GLEAM J095129-205031|09 51 29.23|-20 50 31.3|     2712.680|
|GLEAM J155056-200412|15 50 56.51|-20 04 12.1|     2710.558|
|GLEAM J011006-365103|01 10 06.14|-36 51 03.3|     2709.457|
|GLEAM J112403-240517|11 24 03.64|-24 05 17.2|     2708.532|
|GLEAM J100123-263720|10 01 23.55|-26 37 20.8|     2708.495|
|GLEAM J185938-382147|18 59 38.72|-38 21 47.0|     2705.922|
|GLEAM J222014-373214|22 20 14.75|-37 32 15.0|     2704.933|
|GLEAM J131208-202649|13 12 08.31|-20 26 49.5|     2698.155|
|GLEAM J052522-324121|05 25 22.69|-32 41 21.4|     2696.679|
|GLEAM J114606-353307|11 46 06.82|-35 33 07.0|     2695.195|
|GLEAM J214844-301418|21 48 44.95|-30 14 18.2|     2690.568|
|GLEAM J014521-242333|01 45 21.29|-24 23 33.7|     2687.727|
|GLEAM J010335-271506|01 03 35.58|-27 15 06.7|     2685.026|
|GLEAM J105035-240552|10 50 35.04|-24 05 52.1|     2676.969|
|GLEAM J215449-280825|21 54 49.44|-28 08 25.2|     2675.874|
|GLEAM J052341-340829|05 23 41.74|-34 08 29.8|     2675.295|
|GLEAM J005659-380954|00 56 59.46|-38 09 54.2|     2663.350|
|GLEAM J143019-325009|14 30 19.74|-32 50 09.7|     2663.168|
|GLEAM J040826-310100|04 08 26.63|-31 01 00.7|     2655.247|
|GLEAM J095439-224110|09 54 39.56|-22 41 10.1|     2649.283|
|GLEAM J052921-252838|05 29 21.66|-25 28 38.1|     2645.550|
|GLEAM J162353-341910|16 23 53.02|-34 19 10.9|     2644.685|
|GLEAM J061608-394249|06 16 08.03|-39 42 49.7|     2641.103|
|GLEAM J025455-242748|02 54 55.74|-24 27 48.2|     2638.335|
|GLEAM J032022-312458|03 20 22.53|-31 24 58.0|     2633.872|
|GLEAM J122142-264631|12 21 42.46|-26 46 31.6|     2632.018|
|GLEAM J110106-314028|11 01 06.90|-31 40 28.0|     2632.013|
|GLEAM J060212-395645|06 02 12.68|-39 56 45.6|     2631.907|
|GLEAM J121406-340855|12 14 06.21|-34 08 55.2|     2626.608|
|GLEAM J133313-202938|13 33 13.55|-20 29 38.8|     2625.023|
|GLEAM J043018-265958|04 30 18.99|-26 59 58.3|     2622.681|
|GLEAM J152946-275352|15 29 46.81|-27 53 52.7|     2620.395|
|GLEAM J121043-275854|12 10 43.86|-27 58 54.9|     2616.295|
|GLEAM J101704-280404|10 17 04.53|-28 04 04.5|     2603.736|
|GLEAM J055235-365002|05 52 35.26|-36 50 02.5|     2602.695|
|GLEAM J193237-250329|19 32 37.56|-25 03 29.7|     2600.349|
|GLEAM J011416-381754|01 14 16.56|-38 17 54.8|     2597.545|
|GLEAM J193148-360657|19 31 48.19|-36 06 57.6|     2591.975|
|GLEAM J142415-221920|14 24 15.40|-22 19 20.6|     2589.386|
|GLEAM J135838-214852|13 58 38.28|-21 48 52.4|     2588.772|
|GLEAM J141716-271808|14 17 16.61|-27 18 08.8|     2581.084|
|GLEAM J011304-340307|01 13 04.75|-34 03 07.8|     2580.459|
|GLEAM J100452-371758|10 04 52.44|-37 17 58.7|     2578.821|
|GLEAM J222037-245357|22 20 37.65|-24 53 57.2|     2578.702|
|GLEAM J064801-383017|06 48 01.90|-38 30 17.8|     2574.717|
|GLEAM J022827-281336|02 28 27.02|-28 13 36.7|     2573.858|
|GLEAM J025252-295734|02 52 52.91|-29 57 34.9|     2566.190|
|GLEAM J092236-225022|09 22 36.03|-22 50 22.5|     2561.934|
|GLEAM J232938-211332|23 29 38.80|-21 13 32.5|     2558.915|
|GLEAM J123811-225602|12 38 11.45|-22 56 02.3|     2558.257|
|GLEAM J034040-332522|03 40 40.68|-33 25 22.6|     2558.176|
|GLEAM J011437-330205|01 14 37.07|-33 02 05.4|     2555.372|
|GLEAM J011539-281707|01 15 39.55|-28 17 07.8|     2549.190|
|GLEAM J002026-201427|00 20 26.49|-20 14 27.1|     2544.872|
|GLEAM J114454-205720|11 44 54.60|-20 57 20.7|     2540.816|
|GLEAM J115905-313838|11 59 05.96|-31 38 38.8|     2535.793|
|GLEAM J093851-323830|09 38 51.09|-32 38 30.0|     2531.693|
|GLEAM J124820-214751|12 48 20.22|-21 47 51.4|     2531.347|
|GLEAM J115236-303259|11 52 36.82|-30 32 59.8|     2530.432|
|GLEAM J215611-352553|21 56 11.02|-35 25 53.9|     2530.315|
|GLEAM J050510-383321|05 05 10.61|-38 33 21.4|     2529.574|
|GLEAM J054418-382550|05 44 18.37|-38 25 50.5|     2528.558|
|GLEAM J233703-324041|23 37 03.27|-32 40 41.7|     2528.295|
|GLEAM J144049-384214|14 40 49.80|-38 42 14.1|     2527.648|
|GLEAM J142717-331754|14 27 17.54|-33 17 54.8|     2526.753|
|GLEAM J151059-253849|15 10 59.47|-25 38 49.7|     2526.356|
|GLEAM J042354-222358|04 23 54.12|-22 23 58.8|     2520.266|
|GLEAM J061828-205138|06 18 28.27|-20 51 38.2|     2518.217|
|GLEAM J111249-215828|11 12 49.88|-21 58 28.3|     2517.455|
|GLEAM J092410-290602|09 24 10.61|-29 06 02.8|     2517.059|
|GLEAM J210833-233713|21 08 33.98|-23 37 13.4|     2516.746|
|GLEAM J163536-313722|16 35 36.16|-31 37 22.4|     2515.466|
|GLEAM J113431-381831|11 34 31.16|-38 18 31.2|     2514.098|
|GLEAM J192124-202547|19 21 24.76|-20 25 47.8|     2512.802|
|GLEAM J125951-332819|12 59 51.19|-33 28 19.4|     2511.741|
|GLEAM J065419-285218|06 54 19.77|-28 52 18.8|     2508.930|
|GLEAM J105755-243346|10 57 55.33|-24 33 46.4|     2504.818|
|GLEAM J191748-283038|19 17 48.16|-28 30 38.3|     2502.796|
|GLEAM J232327-305754|23 23 27.51|-30 57 54.9|     2498.991|
|GLEAM J103122-332303|10 31 22.60|-33 23 03.0|     2496.495|
|GLEAM J000347-232938|00 03 47.88|-23 29 38.5|     2488.632|
|GLEAM J193509-281029|19 35 09.98|-28 10 29.8|     2485.675|
|GLEAM J004503-243417|00 45 03.37|-24 34 17.1|     2483.953|
|GLEAM J193030-352947|19 30 30.73|-35 29 47.4|     2481.747|
|GLEAM J160625-205659|16 06 25.32|-20 56 59.7|     2478.732|
|GLEAM J210353-392413|21 03 53.13|-39 24 13.9|     2477.983|
|GLEAM J140659-210825|14 06 59.13|-21 08 25.1|     2477.202|
|GLEAM J235103-383927|23 51 03.79|-38 39 27.3|     2477.155|
|GLEAM J235128-231708|23 51 28.40|-23 17 08.1|     2476.799|
|GLEAM J065334-334059|06 53 34.39|-33 40 59.6|     2475.065|
|GLEAM J031446-303006|03 14 46.96|-30 30 07.0|     2474.919|
|GLEAM J134755-311144|13 47 55.92|-31 11 44.3|     2474.646|
|GLEAM J093940-251616|09 39 40.61|-25 16 16.1|     2472.917|
|GLEAM J192922-361338|19 29 22.15|-36 13 38.9|     2466.645|
|GLEAM J233732-372843|23 37 32.50|-37 28 43.2|     2464.837|
|GLEAM J130502-324718|13 05 02.90|-32 47 18.1|     2464.568|
|GLEAM J154851-321431|15 48 51.05|-32 14 31.8|     2464.426|
|GLEAM J222305-345541|22 23 05.95|-34 55 41.5|     2459.127|
|GLEAM J204216-233004|20 42 16.27|-23 30 04.1|     2456.842|
|GLEAM J014051-324406|01 40 51.11|-32 44 06.2|     2453.360|
|GLEAM J013952-260648|01 39 52.85|-26 06 48.4|     2452.868|
|GLEAM J031600-265638|03 16 00.52|-26 56 38.6|     2452.039|
|GLEAM J163234-261116|16 32 34.58|-26 11 16.4|     2448.903|
|GLEAM J170231-220849|17 02 31.25|-22 08 49.7|     2446.354|
|GLEAM J225915-212740|22 59 15.47|-21 27 40.6|     2445.191|
|GLEAM J045235-284641|04 52 35.41|-28 46 41.6|     2444.196|
|GLEAM J215506-321945|21 55 06.12|-32 19 45.1|     2439.489|
|GLEAM J023528-344541|02 35 28.72|-34 45 41.4|     2437.980|
|GLEAM J162605-295125|16 26 05.74|-29 51 25.6|     2437.483|
|GLEAM J015833-245928|01 58 33.42|-24 59 28.1|     2436.877|
|GLEAM J063858-283814|06 38 58.96|-28 38 14.7|     2431.431|
|GLEAM J223038-211251|22 30 38.39|-21 12 51.5|     2430.949|
|GLEAM J124404-292444|12 44 04.57|-29 24 45.0|     2430.423|
|GLEAM J052448-213038|05 24 48.65|-21 30 38.6|     2429.759|
|GLEAM J203123-291127|20 31 23.06|-29 11 27.9|     2428.679|
|GLEAM J160958-323102|16 09 58.25|-32 31 02.6|     2427.005|
|GLEAM J001612-312330|00 16 12.65|-31 23 30.3|     2422.874|
|GLEAM J150924-371328|15 09 24.74|-37 13 28.6|     2421.215|
|GLEAM J192217-280056|19 22 17.04|-28 00 56.6|     2420.605|
|GLEAM J110512-351645|11 05 12.08|-35 16 45.7|     2420.541|
|GLEAM J161102-322648|16 11 02.53|-32 26 48.3|     2419.970|
|GLEAM J211031-281759|21 10 31.62|-28 17 59.1|     2419.775|
|GLEAM J063126-391505|06 31 26.81|-39 15 05.3|     2419.131|
|GLEAM J214740-232341|21 47 40.63|-23 23 42.0|     2416.234|
|GLEAM J224121-371208|22 41 21.26|-37 12 08.4|     2414.683|
|GLEAM J050535-285648|05 05 35.05|-28 56 48.0|     2413.276|
|GLEAM J102802-293705|10 28 02.72|-29 37 05.8|     2411.386|
|GLEAM J235352-231126|23 53 52.61|-23 11 26.2|     2409.234|
|GLEAM J130052-212620|13 00 52.05|-21 26 20.4|     2408.192|
|GLEAM J234049-284835|23 40 49.52|-28 48 35.1|     2402.790|
|GLEAM J220435-270119|22 04 35.38|-27 01 19.1|     2400.332|
|GLEAM J155641-330219|15 56 41.09|-33 02 19.6|     2400.111|
|GLEAM J140829-300416|14 08 29.65|-30 04 16.3|     2399.757|
|GLEAM J101221-363450|10 12 21.25|-36 34 50.8|     2399.343|
|GLEAM J100855-301114|10 08 55.11|-30 11 14.1|     2399.285|
|GLEAM J211311-393931|21 13 11.13|-39 39 31.3|     2398.170|
|GLEAM J155142-210959|15 51 42.08|-21 09 59.4|     2396.241|
|GLEAM J102753-231138|10 27 53.00|-23 11 38.8|     2396.169|
|GLEAM J085642-260218|08 56 42.05|-26 02 18.3|     2395.717|
|GLEAM J025739-260014|02 57 39.82|-26 00 14.6|     2393.807|
|GLEAM J201709-293352|20 17 08.99|-29 33 52.6|     2393.371|
|GLEAM J193933-354102|19 39 33.76|-35 41 02.7|     2393.322|
|GLEAM J211755-250634|21 17 55.73|-25 06 34.2|     2392.455|
|GLEAM J083638-201655|08 36 38.98|-20 16 55.8|     2381.627|
|GLEAM J185153-290116|18 51 53.57|-29 01 16.1|     2377.357|
|GLEAM J101153-261013|10 11 53.49|-26 10 13.6|     2375.910|
|GLEAM J151304-252437|15 13 04.65|-25 24 37.9|     2373.284|
|GLEAM J140134-214203|14 01 34.42|-21 42 03.3|     2371.733|
|GLEAM J191433-275546|19 14 33.47|-27 55 46.1|     2370.044|
|GLEAM J205501-250950|20 55 01.73|-25 09 50.8|     2363.100|
|GLEAM J143030-321153|14 30 30.98|-32 11 53.6|     2362.332|
|GLEAM J214014-274604|21 40 14.47|-27 46 04.0|     2360.725|
|GLEAM J135832-235216|13 58 32.87|-23 52 16.9|     2357.470|
|GLEAM J021329-335839|02 13 29.49|-33 58 40.0|     2356.412|
|GLEAM J112009-250808|11 20 09.11|-25 08 08.0|     2355.115|
|GLEAM J072849-385911|07 28 49.17|-38 59 11.4|     2354.771|
|GLEAM J164333-231601|16 43 33.28|-23 16 01.9|     2353.565|
|GLEAM J115349-300948|11 53 49.14|-30 09 48.3|     2351.988|
|GLEAM J225137-331051|22 51 37.33|-33 10 51.7|     2350.509|
|GLEAM J171035-212121|17 10 35.51|-21 21 21.8|     2349.452|
|GLEAM J084542-233327|08 45 42.69|-23 33 27.9|     2346.516|
|GLEAM J071525-371603|07 15 25.18|-37 16 03.2|     2344.678|
|GLEAM J140621-313336|14 06 21.53|-31 33 36.3|     2344.647|
|GLEAM J122128-325349|12 21 28.62|-32 53 49.8|     2343.292|
|GLEAM J210005-330122|21 00 05.86|-33 01 22.6|     2341.518|
|GLEAM J225434-320923|22 54 34.39|-32 09 24.0|     2338.933|
|GLEAM J034006-363543|03 40 06.46|-36 35 43.0|     2338.866|
|GLEAM J094749-371419|09 47 49.43|-37 14 19.4|     2338.568|
|GLEAM J131531-315305|13 15 31.41|-31 53 05.0|     2338.073|
|GLEAM J203151-320503|20 31 51.87|-32 05 03.6|     2335.407|
|GLEAM J105101-212312|10 51 01.53|-21 23 12.9|     2330.996|
|GLEAM J193617-245933|19 36 17.07|-24 59 33.2|     2327.520|
|GLEAM J045314-280733|04 53 14.64|-28 07 33.8|     2326.777|
|GLEAM J065202-234638|06 52 02.20|-23 46 38.7|     2326.130|
|GLEAM J000042-342358|00 00 42.14|-34 23 58.3|     2325.231|
|GLEAM J102837-314930|10 28 37.83|-31 49 30.0|     2324.157|
|GLEAM J085843-270426|08 58 43.45|-27 04 26.3|     2324.010|
|GLEAM J053451-354739|05 34 51.44|-35 47 39.2|     2322.736|
|GLEAM J225759-223628|22 57 59.44|-22 36 29.0|     2322.649|
|GLEAM J101730-384641|10 17 30.48|-38 46 41.7|     2316.051|
|GLEAM J151304-355837|15 13 04.46|-35 58 37.9|     2315.766|
|GLEAM J095750-283808|09 57 50.83|-28 38 08.8|     2314.011|
|GLEAM J160344-300637|16 03 44.04|-30 06 37.5|     2310.580|
|GLEAM J024447-352304|02 44 47.84|-35 23 04.9|     2309.645|
|GLEAM J155918-245357|15 59 18.21|-24 53 57.9|     2309.231|
|GLEAM J095311-241221|09 53 11.74|-24 12 21.4|     2302.800|
|GLEAM J194207-202114|19 42 07.01|-20 21 14.0|     2302.013|
|GLEAM J012331-291629|01 23 31.38|-29 16 29.5|     2301.257|
|GLEAM J102757-271708|10 27 57.46|-27 17 08.9|     2300.654|
|GLEAM J132606-272641|13 26 06.56|-27 26 41.6|     2299.519|
|GLEAM J002040-201934|00 20 40.08|-20 19 34.1|     2298.655|
|GLEAM J040248-243804|04 02 48.59|-24 38 04.0|     2297.398|
|GLEAM J225740-243728|22 57 40.38|-24 37 28.8|     2294.159|
|GLEAM J235553-300046|23 55 53.33|-30 00 46.5|     2291.667|
|GLEAM J000143-305731|00 01 43.56|-30 57 31.0|     2290.527|
|GLEAM J135601-244819|13 56 01.35|-24 48 19.6|     2281.048|
|GLEAM J170435-231847|17 04 35.41|-23 18 47.2|     2280.109|
|GLEAM J200334-373020|20 03 34.67|-37 30 20.1|     2277.239|
|GLEAM J201532-210319|20 15 32.99|-21 03 19.8|     2276.345|
|GLEAM J203828-201103|20 38 28.75|-20 11 03.5|     2274.323|
|GLEAM J202435-325331|20 24 35.57|-32 53 31.7|     2274.213|
|GLEAM J110318-392719|11 03 18.05|-39 27 19.3|     2272.218|
|GLEAM J064413-315552|06 44 13.45|-31 55 52.6|     2271.134|
|GLEAM J131151-212229|13 11 51.40|-21 22 30.0|     2263.584|
|GLEAM J160012-365723|16 00 12.36|-36 57 23.7|     2259.500|
|GLEAM J234455-304058|23 44 55.53|-30 40 58.5|     2257.749|
|GLEAM J000245-302825|00 02 45.87|-30 28 25.3|     2254.066|
|GLEAM J005429-235127|00 54 29.89|-23 51 28.0|     2253.651|
|GLEAM J144439-285008|14 44 39.66|-28 50 08.9|     2253.627|
|GLEAM J003246-293107|00 32 46.19|-29 31 07.3|     2250.832|
|GLEAM J021209-280009|02 12 09.87|-28 00 09.9|     2248.637|
|GLEAM J013604-323803|01 36 04.93|-32 38 03.5|     2246.828|
|GLEAM J090911-313334|09 09 11.35|-31 33 34.6|     2242.827|
|GLEAM J221302-252929|22 13 02.77|-25 29 29.3|     2241.160|
|GLEAM J095830-361239|09 58 30.53|-36 12 39.1|     2239.930|
|GLEAM J144426-245101|14 44 26.43|-24 51 01.0|     2239.212|
|GLEAM J011544-241719|01 15 44.39|-24 17 19.2|     2238.706|
|GLEAM J105131-351402|10 51 31.72|-35 14 02.3|     2238.204|
|GLEAM J043838-365750|04 38 38.59|-36 57 50.3|     2237.499|
|GLEAM J153124-273529|15 31 24.29|-27 35 29.4|     2236.985|
|GLEAM J010403-395025|01 04 03.59|-39 50 25.0|     2236.107|
|GLEAM J113401-200634|11 34 01.62|-20 06 34.8|     2233.409|
|GLEAM J052200-285603|05 22 00.62|-28 56 03.0|     2232.974|
|GLEAM J094901-331554|09 49 01.02|-33 15 54.4|     2231.325|
|GLEAM J194705-283945|19 47 05.20|-28 39 45.0|     2228.986|
|GLEAM J000924-314614|00 09 24.66|-31 46 14.1|     2228.473|
|GLEAM J190705-375848|19 07 05.69|-37 58 48.3|     2227.671|
|GLEAM J065457-274853|06 54 57.02|-27 48 53.9|     2223.285|
|GLEAM J170316-203134|17 03 16.52|-20 31 34.4|     2222.591|
|GLEAM J055158-211950|05 51 58.40|-21 19 50.1|     2217.898|
|GLEAM J221429-250125|22 14 29.39|-25 01 25.9|     2216.112|
|GLEAM J031149-374249|03 11 49.18|-37 42 49.9|     2215.359|
|GLEAM J070602-291844|07 06 02.44|-29 18 44.4|     2214.742|
|GLEAM J153341-373409|15 33 41.60|-37 34 09.1|     2213.616|
|GLEAM J045327-351233|04 53 27.10|-35 12 33.7|     2212.769|
|GLEAM J100507-215221|10 05 07.94|-21 52 21.8|     2209.796|
|GLEAM J043358-245536|04 33 58.28|-24 55 36.3|     2206.787|
|GLEAM J184300-320611|18 43 00.91|-32 06 11.2|     2206.630|
|GLEAM J015449-353514|01 54 49.15|-35 35 14.4|     2206.455|
|GLEAM J193055-312802|19 30 55.22|-31 28 02.1|     2205.993|
|GLEAM J212118-262850|21 21 18.95|-26 28 50.9|     2204.921|
|GLEAM J002729-273113|00 27 29.50|-27 31 13.6|     2201.802|
|GLEAM J043159-263815|04 31 59.24|-26 38 15.3|     2198.369|
|GLEAM J045955-243934|04 59 55.01|-24 39 34.1|     2197.777|
|GLEAM J000402-230657|00 04 02.61|-23 06 57.5|     2197.589|
|GLEAM J213132-383703|21 31 32.66|-38 37 03.6|     2196.946|
|GLEAM J215455-363005|21 54 55.15|-36 30 05.9|     2196.467|
|GLEAM J210445-304942|21 04 45.89|-30 49 42.9|     2194.651|
|GLEAM J023619-374529|02 36 19.59|-37 45 29.4|     2194.029|
|GLEAM J234427-392438|23 44 27.20|-39 24 38.8|     2194.009|
|GLEAM J044126-312635|04 41 26.96|-31 26 35.8|     2193.979|
|GLEAM J152314-341850|15 23 14.00|-34 18 50.6|     2193.810|
|GLEAM J135614-215234|13 56 14.74|-21 52 34.0|     2191.610|
|GLEAM J200909-391435|20 09 09.07|-39 14 35.2|     2185.699|
|GLEAM J045917-233049|04 59 17.22|-23 30 49.7|     2184.933|
|GLEAM J101227-272613|10 12 27.18|-27 26 13.7|     2181.306|
|GLEAM J021128-232819|02 11 28.35|-23 28 19.0|     2180.854|
|GLEAM J200855-305339|20 08 55.68|-30 53 39.9|     2180.818|
|GLEAM J110954-375947|11 09 54.84|-37 59 47.5|     2178.259|
|GLEAM J215116-223645|21 51 16.60|-22 36 45.1|     2175.231|
|GLEAM J050922-340528|05 09 22.33|-34 05 28.6|     2173.703|
|GLEAM J195418-305715|19 54 18.49|-30 57 15.5|     2173.441|
|GLEAM J221803-363723|22 18 03.31|-36 37 23.1|     2172.937|
|GLEAM J084456-263332|08 44 56.10|-26 33 32.3|     2169.563|
|GLEAM J235410-215647|23 54 10.74|-21 56 47.5|     2169.285|
|GLEAM J051905-355505|05 19 05.99|-35 55 05.7|     2166.541|
|GLEAM J222443-383134|22 24 43.83|-38 31 34.7|     2162.963|
|GLEAM J094125-391652|09 41 25.77|-39 16 52.2|     2161.530|
|GLEAM J224326-254429|22 43 26.46|-25 44 29.4|     2160.297|
|GLEAM J023110-314956|02 31 10.28|-31 49 56.7|     2159.165|
|GLEAM J095823-255614|09 58 23.14|-25 56 14.8|     2155.432|
|GLEAM J024901-200229|02 49 01.01|-20 02 29.8|     2155.291|
|GLEAM J200229-365512|20 02 29.58|-36 55 12.2|     2153.409|
|GLEAM J063619-362927|06 36 19.52|-36 29 27.6|     2149.225|
|GLEAM J030514-341617|03 05 14.72|-34 16 17.5|     2147.717|
|GLEAM J090548-270642|09 05 48.82|-27 06 42.5|     2146.341|
|GLEAM J185332-263040|18 53 32.43|-26 30 40.5|     2145.565|
|GLEAM J060220-344044|06 02 20.52|-34 40 44.2|     2142.989|
|GLEAM J091824-270905|09 18 24.03|-27 09 05.2|     2142.542|
|GLEAM J061538-335036|06 15 38.21|-33 50 36.4|     2140.679|
|GLEAM J061055-223638|06 10 55.98|-22 36 38.8|     2139.747|
|GLEAM J124256-272608|12 42 56.93|-27 26 08.7|     2139.740|
|GLEAM J110910-230140|11 09 10.74|-23 01 40.3|     2134.858|
|GLEAM J155118-302359|15 51 18.33|-30 23 59.5|     2133.584|
|GLEAM J062149-235321|06 21 49.15|-23 53 21.6|     2133.370|
|GLEAM J220254-245156|22 02 54.02|-24 51 56.9|     2132.750|
|GLEAM J213244-393019|21 32 44.22|-39 30 19.5|     2130.777|
|GLEAM J122501-293808|12 25 01.18|-29 38 08.8|     2130.396|
|GLEAM J095319-391233|09 53 19.36|-39 12 33.8|     2129.060|
|GLEAM J054825-330128|05 48 25.74|-33 01 28.9|     2128.484|
|GLEAM J041142-334902|04 11 42.67|-33 49 02.6|     2127.642|
|GLEAM J162502-294114|16 25 02.10|-29 41 14.4|     2125.876|
|GLEAM J204557-290738|20 45 57.54|-29 07 38.4|     2125.814|
|GLEAM J011412-321730|01 14 12.36|-32 17 30.8|     2123.240|
|GLEAM J204227-314511|20 42 27.19|-31 45 11.8|     2121.628|
|GLEAM J215811-251559|21 58 11.16|-25 15 59.9|     2119.976|
|GLEAM J224958-324809|22 49 58.92|-32 48 09.4|     2118.522|
|GLEAM J041108-370409|04 11 08.30|-37 04 09.3|     2117.764|
|GLEAM J061937-205413|06 19 37.75|-20 54 13.6|     2117.183|
|GLEAM J063228-272109|06 32 28.21|-27 21 09.7|     2116.223|
|GLEAM J110350-352645|11 03 50.65|-35 26 45.3|     2116.177|
|GLEAM J025544-254741|02 55 44.43|-25 47 41.2|     2114.081|
|GLEAM J055205-345955|05 52 05.65|-34 59 55.7|     2112.419|
|GLEAM J232638-254153|23 26 38.67|-25 41 53.2|     2111.686|
|GLEAM J203924-251431|20 39 24.36|-25 14 31.2|     2111.359|
|GLEAM J015455-204023|01 54 55.71|-20 40 23.3|     2109.521|
|GLEAM J143118-370200|14 31 18.19|-37 02 00.0|     2108.338|
|GLEAM J015814-222036|01 58 14.17|-22 20 36.7|     2107.509|
|GLEAM J125949-253942|12 59 49.39|-25 39 42.5|     2106.493|
|GLEAM J010041-223955|01 00 41.79|-22 39 55.5|     2106.167|
|GLEAM J093140-343319|09 31 40.98|-34 33 19.4|     2105.718|
|GLEAM J043154-394033|04 31 54.42|-39 40 33.7|     2105.654|
|GLEAM J213515-382616|21 35 15.62|-38 26 16.1|     2104.163|
|GLEAM J003956-253425|00 39 56.27|-25 34 25.0|     2103.834|
|GLEAM J030738-242950|03 07 38.09|-24 29 50.0|     2101.316|
|GLEAM J002727-391528|00 27 27.13|-39 15 28.4|     2101.120|
|GLEAM J215047-374814|21 50 47.97|-37 48 14.8|     2099.114|
|GLEAM J233752-345446|23 37 52.01|-34 54 46.5|     2098.806|
|GLEAM J070901-355921|07 09 01.62|-35 59 21.8|     2092.063|
|GLEAM J150228-344821|15 02 28.34|-34 48 21.2|     2090.951|
|GLEAM J161312-283951|16 13 12.62|-28 39 51.9|     2090.384|
|GLEAM J185126-242742|18 51 26.00|-24 27 42.7|     2088.141|
|GLEAM J033828-352652|03 38 28.98|-35 26 52.8|     2088.020|
|GLEAM J032304-260943|03 23 04.90|-26 09 43.6|     2087.723|
|GLEAM J231416-303714|23 14 16.25|-30 37 14.9|     2084.492|
|GLEAM J021622-300933|02 16 22.53|-30 09 33.3|     2083.449|
|GLEAM J041755-220044|04 17 55.39|-22 00 44.6|     2082.870|
|GLEAM J221944-202127|22 19 44.19|-20 21 27.5|     2082.217|
|GLEAM J033939-212925|03 39 39.08|-21 29 25.8|     2078.962|
|GLEAM J135521-335156|13 55 21.46|-33 51 56.6|     2074.380|
|GLEAM J000957-282930|00 09 57.81|-28 29 30.8|     2072.953|
|GLEAM J121744-214720|12 17 44.96|-21 47 20.1|     2072.620|
|GLEAM J093622-352559|09 36 22.49|-35 25 59.9|     2070.509|
|GLEAM J165229-242910|16 52 29.92|-24 29 10.9|     2070.500|
|GLEAM J002021-202846|00 20 21.52|-20 28 46.2|     2067.811|
|GLEAM J162107-285619|16 21 07.64|-28 56 19.4|     2067.731|
|GLEAM J114519-342556|11 45 19.27|-34 25 56.4|     2067.026|
|GLEAM J191958-381403|19 19 58.65|-38 14 03.8|     2066.308|
|GLEAM J093520-282511|09 35 20.70|-28 25 11.2|     2065.037|
|GLEAM J012614-222227|01 26 14.81|-22 22 27.5|     2064.329|
|GLEAM J130641-214754|13 06 41.50|-21 47 54.0|     2063.025|
|GLEAM J213801-253150|21 38 01.22|-25 31 50.3|     2059.737|
|GLEAM J191541-341302|19 15 41.30|-34 13 02.1|     2058.130|
|GLEAM J020820-303928|02 08 20.08|-30 39 28.6|     2055.288|
|GLEAM J030320-353333|03 03 20.67|-35 33 33.4|     2053.105|
|GLEAM J120537-301914|12 05 37.32|-30 19 14.9|     2053.076|
|GLEAM J094050-204735|09 40 50.82|-20 47 35.7|     2052.343|
|GLEAM J235641-314919|23 56 41.19|-31 49 19.6|     2051.737|
|GLEAM J233247-313728|23 32 47.18|-31 37 28.6|     2048.967|
|GLEAM J114548-315904|11 45 48.64|-31 59 04.1|     2048.077|
|GLEAM J193419-263748|19 34 19.39|-26 37 48.9|     2047.831|
|GLEAM J225104-220431|22 51 04.50|-22 04 31.5|     2047.070|
|GLEAM J105846-361754|10 58 46.65|-36 17 54.9|     2046.776|
|GLEAM J210606-354847|21 06 06.24|-35 48 47.5|     2046.686|
|GLEAM J043954-251308|04 39 54.50|-25 13 08.8|     2046.383|
|GLEAM J014930-283819|01 49 30.35|-28 38 19.5|     2045.648|
|GLEAM J034441-311243|03 44 41.73|-31 12 43.5|     2044.444|
|GLEAM J191341-281257|19 13 41.25|-28 12 57.7|     2042.732|
|GLEAM J204833-255243|20 48 33.37|-25 52 43.6|     2040.149|
|GLEAM J222917-293143|22 29 17.64|-29 31 43.3|     2039.189|
|GLEAM J213652-333001|21 36 52.66|-33 30 01.2|     2038.971|
|GLEAM J010439-331451|01 04 39.44|-33 14 51.7|     2037.828|
|GLEAM J194052-361944|19 40 52.19|-36 19 44.6|     2034.026|
|GLEAM J121445-204053|12 14 45.04|-20 40 53.6|     2033.830|
|GLEAM J054358-333629|05 43 58.68|-33 36 29.1|     2032.473|
|GLEAM J132654-263140|13 26 54.84|-26 31 40.4|     2030.739|
|GLEAM J155157-395849|15 51 57.11|-39 58 49.2|     2030.073|
|GLEAM J162935-203933|16 29 35.22|-20 39 33.8|     2028.268|
|GLEAM J050443-340917|05 04 43.52|-34 09 17.2|     2027.083|
|GLEAM J044552-382451|04 45 52.70|-38 24 51.7|     2026.818|
|GLEAM J213626-373603|21 36 26.56|-37 36 04.0|     2021.823|
|GLEAM J234412-240744|23 44 12.29|-24 07 44.4|     2021.738|
|GLEAM J222516-272714|22 25 16.64|-27 27 14.0|     2021.484|
|GLEAM J044236-361900|04 42 36.52|-36 19 00.2|     2019.867|
|GLEAM J044147-301136|04 41 47.34|-30 11 36.3|     2019.552|
|GLEAM J125824-282916|12 58 24.36|-28 29 16.7|     2018.440|
|GLEAM J023317-355914|02 33 17.63|-35 59 14.4|     2018.409|
|GLEAM J144124-274801|14 41 24.40|-27 48 02.0|     2018.007|
|GLEAM J040956-222835|04 09 56.60|-22 28 35.6|     2016.519|
|GLEAM J144034-303701|14 40 34.95|-30 37 01.9|     2015.713|
|GLEAM J050526-324811|05 05 26.27|-32 48 11.7|     2013.138|
|GLEAM J111714-220300|11 17 14.64|-22 03 00.8|     2012.098|
|GLEAM J183836-322620|18 38 36.37|-32 26 20.6|     2011.326|
|GLEAM J111654-221651|11 16 54.51|-22 16 51.4|     2004.157|
|GLEAM J124634-291346|12 46 34.05|-29 13 46.9|     2004.092|
|GLEAM J202759-214054|20 27 59.63|-21 40 54.4|     2003.730|
|GLEAM J061228-313852|06 12 28.71|-31 38 52.4|     2002.438|
|GLEAM J200431-272629|20 04 31.82|-27 26 29.2|     2001.882|
|GLEAM J065929-345743|06 59 29.22|-34 57 43.2|     2000.794|
|GLEAM J214732-274228|21 47 32.04|-27 42 28.4|     1999.653|
|GLEAM J055025-342835|05 50 25.49|-34 28 35.7|     1996.384|
|GLEAM J195442-305517|19 54 42.09|-30 55 17.7|     1996.197|
|GLEAM J142724-380019|14 27 24.03|-38 00 19.6|     1995.300|
|GLEAM J003203-225759|00 32 03.35|-22 57 59.1|     1995.034|
|GLEAM J084640-225750|08 46 40.57|-22 57 50.7|     1994.138|
|GLEAM J195301-251522|19 53 01.85|-25 15 22.6|     1993.551|
|GLEAM J222631-374858|22 26 31.80|-37 48 58.3|     1992.377|
|GLEAM J013857-225444|01 38 57.25|-22 54 44.5|     1992.090|
|GLEAM J210201-343810|21 02 01.27|-34 38 11.0|     1990.775|
|GLEAM J151636-381919|15 16 36.98|-38 19 19.8|     1987.643|
|GLEAM J195835-285609|19 58 35.51|-28 56 10.0|     1983.673|
|GLEAM J233535-343328|23 35 35.73|-34 33 28.5|     1982.596|
|GLEAM J012213-360254|01 22 13.65|-36 02 54.5|     1979.854|
|GLEAM J005242-215540|00 52 42.84|-21 55 41.0|     1979.283|
|GLEAM J015449-254816|01 54 49.86|-25 48 16.6|     1978.916|
|GLEAM J185908-314854|18 59 08.50|-31 48 54.9|     1976.561|
|GLEAM J011228-221045|01 12 28.91|-22 10 45.8|     1976.427|
|GLEAM J141926-340020|14 19 26.10|-34 00 20.9|     1973.537|
|GLEAM J031443-265959|03 14 43.72|-26 59 59.3|     1972.610|
|GLEAM J221112-234711|22 11 12.19|-23 47 11.7|     1970.703|
|GLEAM J052635-232605|05 26 35.04|-23 26 05.4|     1967.119|
|GLEAM J102448-200858|10 24 48.98|-20 08 58.7|     1966.064|
|GLEAM J130046-313227|13 00 46.16|-31 32 27.9|     1964.985|
|GLEAM J102020-333556|10 20 20.49|-33 35 56.2|     1964.698|
|GLEAM J035251-274920|03 52 51.64|-27 49 20.7|     1964.206|
|GLEAM J092203-213414|09 22 03.14|-21 34 14.7|     1963.050|
|GLEAM J153437-260109|15 34 37.67|-26 01 09.6|     1962.548|
|GLEAM J223425-374409|22 34 25.52|-37 44 09.4|     1962.301|
|GLEAM J052531-324357|05 25 31.02|-32 43 57.6|     1961.996|
|GLEAM J114517-243223|11 45 17.50|-24 32 23.1|     1959.887|
|GLEAM J202803-315507|20 28 03.44|-31 55 07.8|     1959.685|
|GLEAM J194344-232723|19 43 44.51|-23 27 23.3|     1953.470|
|GLEAM J140446-373341|14 04 46.10|-37 33 41.6|     1952.088|
|GLEAM J025651-271756|02 56 51.51|-27 17 56.7|     1950.981|
|GLEAM J053149-205930|05 31 49.47|-20 59 30.1|     1950.158|
|GLEAM J060015-305632|06 00 15.39|-30 56 32.4|     1947.145|
|GLEAM J154941-265942|15 49 41.70|-26 59 42.6|     1946.996|
|GLEAM J125703-350002|12 57 03.56|-35 00 02.3|     1946.916|
|GLEAM J014913-221129|01 49 13.88|-22 11 29.9|     1944.585|
|GLEAM J154817-233700|15 48 17.45|-23 37 00.7|     1944.487|
|GLEAM J123336-341022|12 33 36.53|-34 10 22.3|     1944.214|
|GLEAM J191715-332400|19 17 15.89|-33 24 00.7|     1942.305|
|GLEAM J043831-291911|04 38 31.58|-29 19 11.0|     1942.278|
|GLEAM J134024-305806|13 40 24.68|-30 58 06.3|     1942.154|
|GLEAM J005940-373154|00 59 40.84|-37 31 54.9|     1941.705|
|GLEAM J124124-230921|12 41 24.31|-23 09 21.4|     1941.649|
|GLEAM J192444-250659|19 24 44.69|-25 06 59.5|     1940.845|
|GLEAM J193943-203333|19 39 43.02|-20 33 33.7|     1939.053|
|GLEAM J003130-325944|00 31 30.54|-32 59 44.2|     1935.460|
